# Number of species
4
# Stocks per species
2 1 1 1
# Maximum age
15 5 15 5
# Weight-age-age
0.015 0.067 0.130 0.163 0.178 0.184 0.187 0.188 0.188 0.188 0.188 0.188 0.188 0.188 0.188 0.188
0.015 0.067 0.130 0.163 0.178 0.184 0.187 0.188 0.188 0.188 0.188 0.188 0.188 0.188 0.188 0.188
0.015 0.067 0.130 0.163 0.178 0.184 0.187 0.188 0.188 0.188 0.188 0.188 0.188 0.188 0.188 0.188
0.015 0.067 0.130 0.163 0.178 0.184 0.187 0.188 0.188 0.188 0.188 0.188 0.188 0.188 0.188 0.188
# maturity-at-age
0 0 1 1 1 1 1 1 1 1 1 1 1 1 1 1
# Initial numbers-at-age
9970800 1032190 784295 1868970 518380 610221 280735 498016 147327 257218 8751.77 15847.6 4834.34 3966.09 11113.8 16191.3
9970800 1032190 784295 1868970 518380 610221 280735 498016 147327 257218 8751.77 15847.6 4834.34 3966.09 11113.8 16191.3
9970800 1032190 784295 1868970 518380 610221 280735 498016 147327 257218 8751.77 15847.6 4834.34 3966.09 11113.8 16191.3
9970800 1032190 784295 1868970 518380 610221 280735 498016 147327 257218 8751.77 15847.6 4834.34 3966.09 11113.8 16191.3
9970800 1032190 784295 1868970 518380 610221 280735 498016 147327 257218 8751.77 15847.6 4834.34 3966.09 11113.8 16191.3
# Selectivity - Base case
0.263 1.000 1.000 0.669 0.471 0.390 0.358 0.345 0.339 0.335 0.333 0.332 0.332 0.331 0.331 0.331
#Selectivity MexCal 1
0.118 0.793 1.000 0.749 0.496 0.339 0.254 0.207 0.182 0.166 0.158 0.152 0.149 0.148 0.146 0.145
#Selectivity MexCal 2
0.212 1.000 0.864 0.444 0.221 0.132 0.097 0.082 0.075 0.070 0.069 0.067 0.066 0.066 0.066 0.064
#Selectivity PNW
0.001 0.077 0.377 0.695 0.867 0.940 0.970 0.984 0.991 0.994 0.997 0.998 0.999 0.999 0.999 1.000
# natural mortality
0.4 0.4 0.4 0.4
#  AlogRPS    BlogRPS  PhilogRPS // log(R/S) recruitment parameteres
-13.422610  -0.001186   1.046893 
# Alpha Beta1 Beta2 // log (R) Recruitment parameters
-13.388 4.999e-03 -2.601e-06
# Initial_Eps, 
        0.100   0.100
        0.100
        0.100
        0.100
# ProwR, SigmaR, 
        0.091   0.752  
        0.091   0.752  
        0.091   0.752  
        0.091   0.752  
#   Rerr, Rtype // Recruitment uncertainty
       1      0                                   #         1      0
# Vinit Gtype UseG Verr // Options for environmental variable
      0     2    1    1                           #         0     2    1    1
# Ybar Period ProwV SigmaV  Phi Mean_SST Amplitude// Parameters of the environmental time series (15.65 is the SST_CC mean)
  1975     60 0.343  0.491 1.28    15.65     0.469
# Sigma_B Berr// Uncertainty of the assessement
    0.360    1
# Chi (specific to type 1)
1
# Power (specific to type 2)
2
# SigmaI Ierr // Uncertainty of the env. variable measurement
   0.374    1
